1, 1, 1, 1, -1, -1, 1, -1, -1->1.0
1, 1, 1, 1, -1, -1, -1, 1, -1->1.0
1, 1, 1, 1, -1, -1, -1, -1, 1->1.0
1, 1, 1, 1, -1, -1, -1, 0, 0->1.0
1, 1, 1, 1, -1, -1, 0, -1, 0->1.0
1, 1, 1, 1, -1, -1, 0, 0, -1->1.0
1, 1, 1, 1, -1, 0, -1, -1, 0->1.0
1, 1, 1, 1, -1, 0, -1, 0, -1->1.0
1, 1, 1, 1, -1, 0, 0, -1, -1->1.0
1, 1, 1, 1, 0, -1, -1, -1, 0->1.0
1, 1, 1, 1, 0, -1, -1, 0, -1->1.0
1, 1, 1, 1, 0, -1, 0, -1, -1->1.0
1, 1, 1, -1, 1, -1, 1, -1, -1->1.0
1, 1, 1, -1, 1, -1, -1, 1, -1->1.0
1, 1, 1, -1, 1, -1, -1, -1, 1->1.0
1, 1, 1, -1, 1, -1, -1, 0, 0->1.0
1, 1, 1, -1, 1, -1, 0, -1, 0->1.0
1, 1, 1, -1, 1, -1, 0, 0, -1->1.0
1, 1, 1, -1, 1, 0, -1, -1, 0->1.0
1, 1, 1, -1, 1, 0, -1, 0, -1->1.0
1, 1, 1, -1, 1, 0, 0, -1, -1->1.0
1, 1, 1, -1, -1, 1, 1, -1, -1->1.0
1, 1, 1, -1, -1, 1, -1, 1, -1->1.0
1, 1, 1, -1, -1, 1, -1, -1, 1->1.0
1, 1, 1, -1, -1, 1, -1, 0, 0->1.0
1, 1, 1, -1, -1, 1, 0, -1, 0->1.0
1, 1, 1, -1, -1, 1, 0, 0, -1->1.0
1, 1, 1, -1, -1, 0, 1, -1, 0->-1.0
1, 1, 1, -1, -1, 0, 1, 0, -1->1.0
1, 1, 1, -1, -1, 0, -1, 1, 0->1.0
1, 1, 1, -1, -1, 0, -1, 0, 1->-1.0
1, 1, 1, -1, -1, 0, 0, 1, -1->1.0
1, 1, 1, -1, -1, 0, 0, -1, 1->1.0
1, 1, 1, -1, -1, 0, 0, 0, 0->1.0
1, 1, 1, -1, 0, 1, -1, -1, 0->1.0
1, 1, 1, -1, 0, 1, -1, 0, -1->1.0
1, 1, 1, -1, 0, 1, 0, -1, -1->1.0
1, 1, 1, -1, 0, -1, 1, -1, 0->1.0
1, 1, 1, -1, 0, -1, 1, 0, -1->1.0
1, 1, 1, -1, 0, -1, -1, 1, 0->1.0
1, 1, 1, -1, 0, -1, -1, 0, 1->1.0
1, 1, 1, -1, 0, -1, 0, 1, -1->1.0
1, 1, 1, -1, 0, -1, 0, -1, 1->1.0
1, 1, 1, -1, 0, -1, 0, 0, 0->1.0
1, 1, 1, -1, 0, 0, 1, -1, -1->1.0
1, 1, 1, -1, 0, 0, -1, 1, -1->1.0
1, 1, 1, -1, 0, 0, -1, -1, 1->1.0
1, 1, 1, -1, 0, 0, -1, 0, 0->1.0
1, 1, 1, -1, 0, 0, 0, -1, 0->1.0
1, 1, 1, -1, 0, 0, 0, 0, -1->1.0
1, 1, 1, 0, 1, -1, -1, -1, 0->1.0
1, 1, 1, 0, 1, -1, -1, 0, -1->1.0
1, 1, 1, 0, 1, -1, 0, -1, -1->1.0
1, 1, 1, 0, -1, 1, -1, -1, 0->1.0
1, 1, 1, 0, -1, 1, -1, 0, -1->1.0
1, 1, 1, 0, -1, 1, 0, -1, -1->1.0
1, 1, 1, 0, -1, -1, 1, -1, 0->1.0
1, 1, 1, 0, -1, -1, 1, 0, -1->1.0
1, 1, 1, 0, -1, -1, -1, 1, 0->1.0
1, 1, 1, 0, -1, -1, -1, 0, 1->1.0
1, 1, 1, 0, -1, -1, 0, 1, -1->1.0
1, 1, 1, 0, -1, -1, 0, -1, 1->1.0
1, 1, 1, 0, -1, -1, 0, 0, 0->1.0
1, 1, 1, 0, -1, 0, 1, -1, -1->1.0
1, 1, 1, 0, -1, 0, -1, 1, -1->1.0
1, 1, 1, 0, -1, 0, -1, -1, 1->1.0
1, 1, 1, 0, -1, 0, -1, 0, 0->1.0
1, 1, 1, 0, -1, 0, 0, -1, 0->1.0
1, 1, 1, 0, -1, 0, 0, 0, -1->1.0
1, 1, 1, 0, 0, -1, 1, -1, -1->1.0
1, 1, 1, 0, 0, -1, -1, 1, -1->1.0
1, 1, 1, 0, 0, -1, -1, -1, 1->1.0
1, 1, 1, 0, 0, -1, -1, 0, 0->1.0
1, 1, 1, 0, 0, -1, 0, -1, 0->1.0
1, 1, 1, 0, 0, -1, 0, 0, -1->1.0
1, 1, 1, 0, 0, 0, -1, -1, 0->1.0
1, 1, 1, 0, 0, 0, -1, 0, -1->1.0
1, 1, 1, 0, 0, 0, 0, -1, -1->1.0
1, 1, -1, 1, 1, -1, -1, -1, 1->1.0
1, 1, -1, 1, -1, 1, 1, -1, -1->1.0
1, 1, -1, 1, -1, -1, 1, -1, 1->1.0
1, 1, -1, 1, -1, -1, 1, 0, 0->1.0
1, 1, -1, 1, -1, 0, 1, -1, 0->1.0
1, 1, -1, 1, -1, 0, 1, 0, -1->1.0
1, 1, -1, 1, 0, -1, 1, -1, 0->1.0
1, 1, -1, 1, 0, 0, 1, -1, -1->1.0
1, 1, -1, -1, 1, 1, -1, 1, -1->0.9999879718931515
1, 1, -1, -1, 1, 1, -1, -1, 1->1.0
1, 1, -1, -1, 1, -1, 1, -1, 1->1.0
1, 1, -1, -1, 1, -1, -1, 1, 1->1.0
1, 1, -1, -1, 1, -1, 0, 1, 0->-1.0
1, 1, -1, -1, 1, -1, 0, 0, 1->1.0
1, 1, -1, -1, 1, 0, -1, 1, 0->1.0
1, 1, -1, -1, 1, 0, -1, 0, 1->1.0
1, 1, -1, -1, 1, 0, 0, 1, -1->1.0
1, 1, -1, -1, 1, 0, 0, -1, 1->-1.0
1, 1, -1, 0, 1, -1, -1, 1, 0->1.0
1, 1, -1, 0, 1, -1, -1, 0, 1->1.0
1, 1, -1, 0, 1, -1, 0, -1, 1->0.9999999999973281
1, 1, -1, 0, 1, 0, -1, 1, -1->0.9999999999999956
1, 1, -1, 0, 1, 0, -1, -1, 1->1.0
1, 1, 0, 1, -1, -1, 1, -1, 0->1.0
1, 1, 0, 1, -1, -1, 1, 0, -1->1.0
1, 1, 0, 1, -1, 0, 1, -1, -1->1.0
1, 1, 0, 1, 0, -1, 1, -1, -1->1.0
1, 1, 0, -1, 1, -1, -1, 1, 0->1.0
1, 1, 0, -1, 1, -1, -1, 0, 1->1.0
1, 1, 0, -1, 1, -1, 0, 1, -1->1.0
1, 1, 0, -1, 1, -1, 0, -1, 1->1.0
1, 1, 0, -1, 1, 0, -1, 1, -1->1.0
1, 1, 0, -1, 1, 0, -1, -1, 1->1.0
1, 1, 0, 0, 1, -1, -1, 1, -1->1.0
1, 1, 0, 0, 1, -1, -1, -1, 1->1.0
1, -1, 1, 1, 1, -1, 1, -1, -1->1.0
1, -1, 1, 1, 1, -1, -1, -1, 1->1.0
1, -1, 1, 1, -1, -1, 1, 1, -1->1.0
1, -1, 1, 1, -1, -1, 1, 0, 0->1.0
1, -1, 1, 1, -1, 0, 1, 0, -1->1.0
1, -1, 1, 1, 0, -1, 1, -1, 0->1.0
1, -1, 1, 1, 0, -1, 1, 0, -1->1.0
1, -1, 1, 1, 0, 0, 1, -1, -1->1.0
1, -1, 1, -1, 1, 1, 1, -1, -1->1.0
1, -1, 1, -1, 1, 1, -1, -1, 1->1.0
1, -1, 1, -1, 1, -1, 1, 1, -1->1.0
1, -1, 1, -1, 1, -1, 1, -1, 1->1.0
1, -1, 1, -1, 1, -1, 1, 0, 0->1.0
1, -1, 1, -1, 1, -1, -1, 1, 1->1.0
1, -1, 1, -1, 1, -1, 0, 0, 1->1.0
1, -1, 1, -1, 1, 0, 1, -1, 0->1.0
1, -1, 1, -1, 1, 0, 1, 0, -1->1.0
1, -1, 1, -1, 1, 0, -1, 0, 1->1.0
1, -1, 1, -1, 1, 0, 0, -1, 1->1.0
1, -1, 1, -1, -1, 1, -1, 1, 1->1.0
1, -1, 1, -1, -1, 1, 0, 0, 1->1.0
1, -1, 1, -1, 0, 1, -1, 0, 1->1.0
1, -1, 1, -1, 0, 1, 0, -1, 1->1.0
1, -1, 1, 0, 1, -1, 1, -1, 0->1.0
1, -1, 1, 0, 1, -1, 1, 0, -1->1.0
1, -1, 1, 0, 1, -1, -1, 0, 1->1.0
1, -1, 1, 0, 1, -1, 0, -1, 1->1.0
1, -1, 1, 0, 1, 0, 1, -1, -1->1.0
1, -1, 1, 0, 1, 0, -1, -1, 1->1.0
1, -1, 1, 0, -1, 1, -1, 0, 1->1.0
1, -1, 1, 0, 0, 1, -1, -1, 1->1.0
1, -1, -1, 1, 1, 1, 1, -1, -1->1.0
1, -1, -1, 1, 1, 1, -1, 1, -1->1.0
1, -1, -1, 1, 1, 1, -1, -1, 1->1.0
1, -1, -1, 1, 1, 1, -1, 0, 0->1.0
1, -1, -1, 1, 1, 1, 0, -1, 0->1.0
1, -1, -1, 1, 1, 1, 0, 0, -1->1.0
1, -1, -1, 1, 1, -1, 1, -1, 1->1.0
1, -1, -1, 1, 1, -1, 1, 0, 0->1.0
1, -1, -1, 1, 1, -1, -1, 1, 1->1.0
1, -1, -1, 1, 1, -1, 0, 0, 1->1.0
1, -1, -1, 1, 1, 0, 1, -1, 0->1.0
1, -1, -1, 1, 1, 0, 1, 0, -1->1.0
1, -1, -1, 1, 1, 0, -1, 0, 1->1.0
1, -1, -1, 1, 1, 0, 0, -1, 1->-0.9999999999872276
1, -1, -1, 1, -1, 1, 1, 1, -1->1.0
1, -1, -1, 1, -1, 1, 1, 0, 0->-0.9999999999997287
1, -1, -1, 1, -1, -1, 1, 1, 1->1.0
1, -1, -1, 1, -1, 0, 1, 1, 0->1.0
1, -1, -1, 1, -1, 0, 1, 0, 1->1.0
1, -1, -1, 1, 0, 1, 1, -1, 0->0.9999999999633322
1, -1, -1, 1, 0, 1, 1, 0, -1->1.0
1, -1, -1, 1, 0, -1, 1, 1, 0->1.0
1, -1, -1, 1, 0, -1, 1, 0, 1->1.0
1, -1, -1, 1, 0, 0, 1, 1, -1->1.0
1, -1, -1, 1, 0, 0, 1, -1, 1->-0.9999999999999958
1, -1, -1, 1, 0, 0, 1, 0, 0->1.0
1, -1, -1, -1, 1, 1, 1, -1, 1->1.0
1, -1, -1, -1, 1, 1, -1, 1, 1->1.0
1, -1, -1, -1, 1, 1, 0, 0, 1->1.0
1, -1, -1, -1, 1, -1, 1, 1, 1->1.0
1, -1, -1, -1, 1, 0, 1, 0, 1->1.0
1, -1, -1, -1, 1, 0, 0, 1, 1->1.0
1, -1, -1, -1, -1, 1, 1, 1, 1->1.0
1, -1, -1, -1, 0, 0, 1, 1, 1->1.0
1, -1, -1, 0, 1, 1, -1, 0, 1->1.0
1, -1, -1, 0, 1, 1, 0, -1, 1->1.0
1, -1, -1, 0, 1, -1, 1, 0, 1->1.0
1, -1, -1, 0, 1, -1, 0, 1, 1->1.0
1, -1, -1, 0, 1, 0, 1, -1, 1->1.0
1, -1, -1, 0, 1, 0, -1, 1, 1->1.0
1, -1, -1, 0, 1, 0, 0, 0, 1->0.9999999941372493
1, -1, -1, 0, -1, 0, 1, 1, 1->1.0
1, -1, -1, 0, 0, -1, 1, 1, 1->1.0
1, -1, 0, 1, 1, 1, -1, -1, 0->-1.0
1, -1, 0, 1, 1, 1, -1, 0, -1->1.0
1, -1, 0, 1, 1, 1, 0, -1, -1->1.0
1, -1, 0, 1, 1, -1, 1, -1, 0->1.0
1, -1, 0, 1, 1, -1, 1, 0, -1->0.9999999995339367
1, -1, 0, 1, 1, -1, -1, 0, 1->1.0
1, -1, 0, 1, 1, -1, 0, -1, 1->1.0
1, -1, 0, 1, 1, 0, 1, -1, -1->1.0
1, -1, 0, 1, 1, 0, -1, -1, 1->1.0
1, -1, 0, 1, -1, 1, 1, 0, -1->1.0
1, -1, 0, 1, -1, -1, 1, 1, 0->1.0
1, -1, 0, 1, -1, -1, 1, 0, 1->1.0
1, -1, 0, 1, -1, 0, 1, 1, -1->-1.0
1, -1, 0, 1, -1, 0, 1, 0, 0->1.0
1, -1, 0, 1, 0, 1, 1, -1, -1->1.0
1, -1, 0, 1, 0, -1, 1, 1, -1->1.0
1, -1, 0, 1, 0, -1, 1, -1, 1->1.0
1, -1, 0, 1, 0, -1, 1, 0, 0->1.0
1, -1, 0, 1, 0, 0, 1, -1, 0->1.0
1, -1, 0, 1, 0, 0, 1, 0, -1->1.0
1, -1, 0, -1, 1, 1, -1, 0, 1->1.0
1, -1, 0, -1, 1, 1, 0, -1, 1->1.0
1, -1, 0, -1, 1, -1, 1, 0, 1->1.0
1, -1, 0, -1, 1, -1, 0, 1, 1->1.0
1, -1, 0, -1, 1, 0, 1, -1, 1->1.0
1, -1, 0, -1, 1, 0, -1, 1, 1->1.0
1, -1, 0, -1, 1, 0, 0, 0, 1->1.0
1, -1, 0, -1, -1, 0, 1, 1, 1->1.0
1, -1, 0, -1, 0, -1, 1, 1, 1->1.0
1, -1, 0, 0, 1, 1, -1, -1, 1->1.0
1, -1, 0, 0, 1, -1, 1, -1, 1->1.0
1, -1, 0, 0, 1, -1, -1, 1, 1->1.0
1, -1, 0, 0, 1, -1, 0, 0, 1->1.0
1, -1, 0, 0, 1, 0, -1, 0, 1->1.0
1, -1, 0, 0, 1, 0, 0, -1, 1->1.0
1, -1, 0, 0, -1, -1, 1, 1, 1->1.0
1, 0, 1, 1, -1, -1, 1, -1, 0->1.0
1, 0, 1, 1, -1, -1, 1, 0, -1->1.0
1, 0, 1, 1, -1, 0, 1, -1, -1->1.0
1, 0, 1, 1, 0, -1, 1, -1, -1->1.0
1, 0, 1, -1, 1, -1, 1, -1, 0->1.0
1, 0, 1, -1, 1, -1, 1, 0, -1->1.0
1, 0, 1, -1, 1, -1, -1, 0, 1->1.0
1, 0, 1, -1, 1, -1, 0, -1, 1->1.0
1, 0, 1, -1, 1, 0, 1, -1, -1->1.0
1, 0, 1, -1, 1, 0, -1, -1, 1->1.0
1, 0, 1, -1, -1, 1, -1, 0, 1->0.9995614248741953
1, 0, 1, -1, -1, 1, 0, -1, 1->1.0
1, 0, 1, -1, 0, 1, -1, -1, 1->1.0
1, 0, 1, 0, 1, -1, 1, -1, -1->1.0
1, 0, 1, 0, 1, -1, -1, -1, 1->1.0
1, 0, 1, 0, -1, 1, -1, -1, 1->1.0
1, 0, -1, 1, 1, 1, -1, -1, 0->1.0
1, 0, -1, 1, 1, 1, -1, 0, -1->1.0
1, 0, -1, 1, 1, 1, 0, -1, -1->1.0
1, 0, -1, 1, 1, -1, 1, -1, 0->1.0
1, 0, -1, 1, 1, -1, -1, 0, 1->1.0
1, 0, -1, 1, 1, -1, 0, -1, 1->1.0
1, 0, -1, 1, 1, 0, 1, -1, -1->1.0
1, 0, -1, 1, 1, 0, -1, -1, 1->1.0
1, 0, -1, 1, -1, 1, 1, -1, 0->-1.0
1, 0, -1, 1, -1, 1, 1, 0, -1->1.0
1, 0, -1, 1, -1, -1, 1, 1, 0->1.0
1, 0, -1, 1, -1, -1, 1, 0, 1->1.0
1, 0, -1, 1, -1, 0, 1, 1, -1->1.0
1, 0, -1, 1, -1, 0, 1, -1, 1->1.0
1, 0, -1, 1, -1, 0, 1, 0, 0->-1.0
1, 0, -1, 1, 0, 1, 1, -1, -1->1.0
1, 0, -1, 1, 0, -1, 1, -1, 1->1.0
1, 0, -1, 1, 0, -1, 1, 0, 0->1.0
1, 0, -1, 1, 0, 0, 1, -1, 0->1.0
1, 0, -1, 1, 0, 0, 1, 0, -1->1.0
1, 0, -1, -1, 1, 1, -1, 0, 1->-1.0
1, 0, -1, -1, 1, 1, 0, -1, 1->1.0
1, 0, -1, -1, 1, -1, 1, 0, 1->1.0
1, 0, -1, -1, 1, -1, 0, 1, 1->1.0
1, 0, -1, -1, 1, 0, 1, -1, 1->1.0
1, 0, -1, -1, 1, 0, -1, 1, 1->1.0
1, 0, -1, -1, 1, 0, 0, 0, 1->1.0
1, 0, -1, -1, -1, 0, 1, 1, 1->1.0
1, 0, -1, -1, 0, -1, 1, 1, 1->1.0
1, 0, -1, 0, 1, 1, -1, -1, 1->1.0
1, 0, -1, 0, 1, -1, 1, -1, 1->1.0
1, 0, -1, 0, 1, -1, -1, 1, 1->1.0
1, 0, -1, 0, 1, -1, 0, 0, 1->1.0
1, 0, -1, 0, 1, 0, -1, 0, 1->1.0
1, 0, -1, 0, 1, 0, 0, -1, 1->-0.9999999999999991
1, 0, -1, 0, -1, -1, 1, 1, 1->1.0
1, 0, 0, 1, 1, -1, 1, -1, -1->1.0
1, 0, 0, 1, 1, -1, -1, -1, 1->1.0
1, 0, 0, 1, -1, 1, 1, -1, -1->1.0
1, 0, 0, 1, -1, -1, 1, 1, -1->1.0
1, 0, 0, 1, -1, -1, 1, -1, 1->1.0
1, 0, 0, 1, -1, -1, 1, 0, 0->1.0
1, 0, 0, 1, -1, 0, 1, -1, 0->1.0
1, 0, 0, 1, -1, 0, 1, 0, -1->1.0
1, 0, 0, 1, 0, -1, 1, -1, 0->1.0
1, 0, 0, 1, 0, -1, 1, 0, -1->1.0
1, 0, 0, 1, 0, 0, 1, -1, -1->1.0
1, 0, 0, -1, 1, 1, -1, -1, 1->1.0
1, 0, 0, -1, 1, -1, 1, -1, 1->1.0
1, 0, 0, -1, 1, -1, -1, 1, 1->1.0
1, 0, 0, -1, 1, -1, 0, 0, 1->1.0
1, 0, 0, -1, 1, 0, -1, 0, 1->1.0
1, 0, 0, -1, 1, 0, 0, -1, 1->1.0
1, 0, 0, 0, 1, -1, -1, 0, 1->1.0
1, 0, 0, 0, 1, -1, 0, -1, 1->1.0
1, 0, 0, 0, 1, 0, -1, -1, 1->1.0
-1, 1, 1, 1, 1, -1, 1, -1, -1->1.0
-1, 1, 1, 1, 1, -1, -1, 1, -1->1.0
-1, 1, 1, 1, -1, 1, -1, -1, 1->1.0
-1, 1, 1, -1, 1, 1, 1, -1, -1->1.0
-1, 1, 1, -1, 1, -1, 1, 1, -1->-1.0
-1, 1, 1, -1, 1, -1, 1, -1, 1->1.0
-1, 1, 1, -1, 1, -1, 1, 0, 0->1.0
-1, 1, 1, -1, 1, -1, 0, 1, 0->1.0
-1, 1, 1, -1, 1, 0, 1, -1, 0->1.0
-1, 1, 1, -1, 1, 0, 1, 0, -1->1.0
-1, 1, 1, -1, 1, 0, 0, 1, -1->1.0
-1, 1, 1, -1, -1, 1, 1, -1, 1->1.0
-1, 1, 1, -1, -1, 1, 0, 0, 1->1.0
-1, 1, 1, -1, 0, 1, 0, -1, 1->1.0
-1, 1, 1, 0, 1, -1, 1, -1, 0->1.0
-1, 1, 1, 0, 1, -1, 1, 0, -1->1.0
-1, 1, 1, 0, 1, -1, -1, 1, 0->1.0
-1, 1, 1, 0, 1, -1, 0, 1, -1->1.0
-1, 1, 1, 0, 1, 0, 1, -1, -1->1.0
-1, 1, 1, 0, 1, 0, -1, 1, -1->1.0
-1, 1, 1, 0, -1, 1, -1, 0, 1->1.0
-1, 1, 1, 0, -1, 1, 0, -1, 1->1.0
-1, 1, 1, 0, 0, 1, -1, -1, 1->1.0
-1, 1, -1, 1, 1, 1, 1, -1, -1->1.0
-1, 1, -1, 1, 1, 1, -1, 1, -1->1.0
-1, 1, -1, 1, 1, 1, -1, -1, 1->1.0
-1, 1, -1, 1, 1, 1, -1, 0, 0->1.0
-1, 1, -1, 1, 1, 1, 0, -1, 0->1.0
-1, 1, -1, 1, 1, 1, 0, 0, -1->1.0
-1, 1, -1, 1, 1, -1, -1, 1, 1->1.0
-1, 1, -1, 1, 1, -1, 0, 1, 0->1.0
-1, 1, -1, 1, 1, 0, -1, 1, 0->1.0
-1, 1, -1, 1, 1, 0, 0, 1, -1->1.0
-1, 1, -1, 1, -1, -1, 1, 1, 1->1.0
-1, 1, -1, -1, 1, 1, 1, 1, -1->1.0
-1, 1, -1, -1, 1, 1, 0, 1, 0->1.0
-1, 1, -1, -1, 1, -1, 1, 1, 1->1.0
-1, 1, -1, -1, 1, 0, 1, 1, 0->1.0
-1, 1, -1, -1, 1, 0, 0, 1, 1->1.0
-1, 1, -1, -1, -1, 1, 1, 1, 1->0.9996974349906544
-1, 1, -1, -1, 0, 0, 1, 1, 1->1.0
-1, 1, -1, 0, 1, 1, -1, 1, 0->1.0
-1, 1, -1, 0, 1, 1, 0, 1, -1->1.0
-1, 1, -1, 0, 1, -1, 1, 1, 0->1.0
-1, 1, -1, 0, 1, -1, 0, 1, 1->1.0
-1, 1, -1, 0, 1, 0, 1, 1, -1->1.0
-1, 1, -1, 0, 1, 0, -1, 1, 1->1.0
-1, 1, -1, 0, 1, 0, 0, 1, 0->1.0
-1, 1, -1, 0, -1, 0, 1, 1, 1->1.0
-1, 1, -1, 0, 0, -1, 1, 1, 1->1.0
-1, 1, 0, 1, 1, 1, -1, -1, 0->1.0
-1, 1, 0, 1, 1, 1, -1, 0, -1->1.0
-1, 1, 0, 1, 1, 1, 0, -1, -1->1.0
-1, 1, 0, 1, 1, -1, -1, 1, 0->1.0
-1, 1, 0, 1, 1, -1, 0, 1, -1->1.0
-1, 1, 0, 1, 1, 0, -1, 1, -1->1.0
-1, 1, 0, -1, 1, 1, 0, 1, -1->1.0
-1, 1, 0, -1, 1, -1, 1, 1, 0->1.0
-1, 1, 0, -1, 1, -1, 0, 1, 1->1.0
-1, 1, 0, -1, 1, 0, 1, 1, -1->1.0
-1, 1, 0, -1, 1, 0, 0, 1, 0->1.0
-1, 1, 0, -1, -1, 0, 1, 1, 1->1.0
-1, 1, 0, -1, 0, -1, 1, 1, 1->1.0
-1, 1, 0, 0, 1, 1, -1, 1, -1->-0.9999999999998156
-1, 1, 0, 0, 1, -1, 1, 1, -1->1.0
-1, 1, 0, 0, 1, -1, -1, 1, 1->1.0
-1, 1, 0, 0, 1, -1, 0, 1, 0->1.0
-1, 1, 0, 0, 1, 0, -1, 1, 0->1.0
-1, 1, 0, 0, 1, 0, 0, 1, -1->1.0
-1, 1, 0, 0, -1, -1, 1, 1, 1->1.0
-1, -1, 1, 1, 1, 1, 1, -1, -1->1.0
-1, -1, 1, 1, 1, 1, -1, 1, -1->-1.0
-1, -1, 1, 1, 1, 1, -1, -1, 1->-0.9999999999999996
-1, -1, 1, 1, 1, 1, -1, 0, 0->1.0
-1, -1, 1, 1, 1, 1, 0, -1, 0->0.9999960015330602
-1, -1, 1, 1, 1, 1, 0, 0, -1->1.0
-1, -1, 1, 1, 1, -1, 1, 1, -1->1.0
-1, -1, 1, 1, 1, -1, 1, -1, 1->1.0
-1, -1, 1, 1, 1, -1, 1, 0, 0->1.0
-1, -1, 1, 1, 1, 0, 1, -1, 0->1.0
-1, -1, 1, 1, 1, 0, 1, 0, -1->1.0
-1, -1, 1, 1, -1, 1, -1, 1, 1->1.0
-1, -1, 1, 1, -1, 1, 0, 0, 1->1.0
-1, -1, 1, 1, -1, -1, 1, 1, 1->1.0
-1, -1, 1, 1, 0, 1, -1, 0, 1->1.0
-1, -1, 1, 1, 0, 1, 0, -1, 1->0.9999999957376184
-1, -1, 1, -1, 1, 1, 1, 1, -1->1.0
-1, -1, 1, -1, 1, 1, 1, -1, 1->1.0
-1, -1, 1, -1, 1, 1, 1, 0, 0->0.9999999923430537
-1, -1, 1, -1, 1, 1, 0, 0, 1->1.0
-1, -1, 1, -1, 1, -1, 1, 1, 1->1.0
-1, -1, 1, -1, 1, 0, 1, 1, 0->1.0
-1, -1, 1, -1, 1, 0, 1, 0, 1->1.0
-1, -1, 1, -1, -1, 1, 1, 1, 1->1.0
-1, -1, 1, -1, 0, 1, 1, 0, 1->1.0
-1, -1, 1, -1, 0, 1, 0, 1, 1->1.0
-1, -1, 1, -1, 0, 0, 1, 1, 1->1.0
-1, -1, 1, 0, 1, 1, 1, -1, 0->1.0
-1, -1, 1, 0, 1, 1, 1, 0, -1->1.0
-1, -1, 1, 0, 1, 1, -1, 0, 1->1.0
-1, -1, 1, 0, 1, 1, 0, -1, 1->1.0
-1, -1, 1, 0, 1, -1, 1, 1, 0->1.0
-1, -1, 1, 0, 1, -1, 1, 0, 1->1.0
-1, -1, 1, 0, 1, 0, 1, 1, -1->1.0
-1, -1, 1, 0, 1, 0, 1, -1, 1->1.0
-1, -1, 1, 0, 1, 0, 1, 0, 0->1.0
-1, -1, 1, 0, -1, 1, 1, 0, 1->-1.0
-1, -1, 1, 0, -1, 1, 0, 1, 1->1.0
-1, -1, 1, 0, -1, 0, 1, 1, 1->1.0
-1, -1, 1, 0, 0, 1, 1, -1, 1->1.0
-1, -1, 1, 0, 0, 1, -1, 1, 1->1.0
-1, -1, 1, 0, 0, 1, 0, 0, 1->1.0
-1, -1, 1, 0, 0, -1, 1, 1, 1->1.0
-1, -1, 0, 1, 1, 1, 1, -1, 0->-1.0
-1, -1, 0, 1, 1, 1, 1, 0, -1->1.0
-1, -1, 0, 1, 1, 1, -1, 1, 0->1.0
-1, -1, 0, 1, 1, 1, -1, 0, 1->1.0
-1, -1, 0, 1, 1, 1, 0, 1, -1->1.0
-1, -1, 0, 1, 1, 1, 0, -1, 1->0.9999994729796222
-1, -1, 0, 1, 1, 1, 0, 0, 0->0.9999999013368387
-1, -1, 0, 1, -1, 0, 1, 1, 1->1.0
-1, -1, 0, 1, 0, -1, 1, 1, 1->1.0
-1, -1, 0, -1, 1, 0, 1, 1, 1->1.0
-1, -1, 0, -1, 0, 1, 1, 1, 1->1.0
-1, -1, 0, 0, 1, -1, 1, 1, 1->1.0
-1, -1, 0, 0, -1, 1, 1, 1, 1->-1.0
-1, -1, 0, 0, 0, 0, 1, 1, 1->1.0
-1, 0, 1, 1, 1, 1, -1, -1, 0->1.0
-1, 0, 1, 1, 1, 1, -1, 0, -1->-1.0
-1, 0, 1, 1, 1, 1, 0, -1, -1->1.0
-1, 0, 1, 1, 1, -1, 1, -1, 0->1.0
-1, 0, 1, 1, 1, -1, 1, 0, -1->1.0
-1, 0, 1, 1, 1, 0, 1, -1, -1->1.0
-1, 0, 1, 1, -1, 1, -1, 0, 1->1.0
-1, 0, 1, 1, -1, 1, 0, -1, 1->1.0
-1, 0, 1, 1, 0, 1, -1, -1, 1->1.0
-1, 0, 1, -1, 1, 1, 1, -1, 0->1.0
-1, 0, 1, -1, 1, 1, 1, 0, -1->1.0
-1, 0, 1, -1, 1, 1, 0, -1, 1->1.0
-1, 0, 1, -1, 1, -1, 1, 1, 0->1.0
-1, 0, 1, -1, 1, -1, 1, 0, 1->1.0
-1, 0, 1, -1, 1, 0, 1, 1, -1->1.0
-1, 0, 1, -1, 1, 0, 1, -1, 1->1.0
-1, 0, 1, -1, 1, 0, 1, 0, 0->1.0
-1, 0, 1, -1, -1, 1, 1, 0, 1->1.0
-1, 0, 1, -1, -1, 1, 0, 1, 1->1.0
-1, 0, 1, -1, -1, 0, 1, 1, 1->1.0
-1, 0, 1, -1, 0, 1, 1, -1, 1->1.0
-1, 0, 1, -1, 0, 1, 0, 0, 1->1.0
-1, 0, 1, -1, 0, -1, 1, 1, 1->1.0
-1, 0, 1, 0, 1, 1, 1, -1, -1->1.0
-1, 0, 1, 0, 1, 1, -1, -1, 1->1.0
-1, 0, 1, 0, 1, -1, 1, 1, -1->1.0
-1, 0, 1, 0, 1, -1, 1, -1, 1->1.0
-1, 0, 1, 0, 1, -1, 1, 0, 0->1.0
-1, 0, 1, 0, 1, 0, 1, -1, 0->1.0
-1, 0, 1, 0, 1, 0, 1, 0, -1->1.0
-1, 0, 1, 0, -1, 1, 1, -1, 1->-1.0
-1, 0, 1, 0, -1, 1, -1, 1, 1->1.0
-1, 0, 1, 0, -1, 1, 0, 0, 1->1.0
-1, 0, 1, 0, -1, -1, 1, 1, 1->1.0
-1, 0, 1, 0, 0, 1, -1, 0, 1->1.0
-1, 0, 1, 0, 0, 1, 0, -1, 1->1.0
-1, 0, -1, 1, 1, 1, 1, -1, 0->1.0
-1, 0, -1, 1, 1, 1, 1, 0, -1->1.0
-1, 0, -1, 1, 1, 1, -1, 1, 0->1.0
-1, 0, -1, 1, 1, 1, -1, 0, 1->1.0
-1, 0, -1, 1, 1, 1, 0, 1, -1->1.0
-1, 0, -1, 1, 1, 1, 0, -1, 1->1.0
-1, 0, -1, 1, 1, 1, 0, 0, 0->1.0
-1, 0, -1, 1, -1, 0, 1, 1, 1->1.0
-1, 0, -1, 1, 0, -1, 1, 1, 1->1.0
-1, 0, -1, -1, 1, 0, 1, 1, 1->0.9999999999995561
-1, 0, -1, -1, 0, 1, 1, 1, 1->1.0
-1, 0, -1, 0, 1, -1, 1, 1, 1->1.0
-1, 0, -1, 0, -1, 1, 1, 1, 1->0.9999999999999983
-1, 0, -1, 0, 0, 0, 1, 1, 1->1.0
-1, 0, 0, 1, 1, 1, 1, -1, -1->1.0
-1, 0, 0, 1, 1, 1, -1, 1, -1->1.0
-1, 0, 0, 1, 1, 1, -1, -1, 1->1.0
-1, 0, 0, 1, 1, 1, -1, 0, 0->1.0
-1, 0, 0, 1, 1, 1, 0, -1, 0->1.0
-1, 0, 0, 1, 1, 1, 0, 0, -1->1.0
-1, 0, 0, 1, -1, -1, 1, 1, 1->1.0
-1, 0, 0, -1, 1, -1, 1, 1, 1->1.0
-1, 0, 0, -1, -1, 1, 1, 1, 1->1.0
-1, 0, 0, -1, 0, 0, 1, 1, 1->1.0
-1, 0, 0, 0, -1, 0, 1, 1, 1->1.0
-1, 0, 0, 0, 0, -1, 1, 1, 1->1.0
0, 1, 1, -1, 1, -1, 1, -1, 0->1.0
0, 1, 1, -1, 1, -1, 1, 0, -1->1.0
0, 1, 1, -1, 1, -1, -1, 1, 0->1.0
0, 1, 1, -1, 1, -1, 0, 1, -1->1.0
0, 1, 1, -1, 1, 0, 1, -1, -1->1.0
0, 1, 1, -1, 1, 0, -1, 1, -1->1.0
0, 1, 1, -1, -1, 1, -1, 0, 1->1.0
0, 1, 1, -1, -1, 1, 0, -1, 1->1.0
0, 1, 1, -1, 0, 1, -1, -1, 1->1.0
0, 1, 1, 0, 1, -1, 1, -1, -1->1.0
0, 1, 1, 0, 1, -1, -1, 1, -1->1.0
0, 1, 1, 0, -1, 1, -1, -1, 1->1.0
0, 1, -1, 1, 1, 1, -1, -1, 0->1.0
0, 1, -1, 1, 1, 1, -1, 0, -1->1.0
0, 1, -1, 1, 1, 1, 0, -1, -1->1.0
0, 1, -1, 1, 1, -1, -1, 1, 0->1.0
0, 1, -1, 1, 1, 0, -1, 1, -1->1.0
0, 1, -1, -1, 1, 1, -1, 1, 0->1.0
0, 1, -1, -1, 1, 1, 0, 1, -1->1.0
0, 1, -1, -1, 1, -1, 1, 1, 0->1.0
0, 1, -1, -1, 1, -1, 0, 1, 1->1.0
0, 1, -1, -1, 1, 0, 1, 1, -1->1.0
0, 1, -1, -1, 1, 0, -1, 1, 1->1.0
0, 1, -1, -1, 1, 0, 0, 1, 0->1.0
0, 1, -1, -1, -1, 0, 1, 1, 1->1.0
0, 1, -1, -1, 0, -1, 1, 1, 1->1.0
0, 1, -1, 0, 1, 1, -1, 1, -1->1.0
0, 1, -1, 0, 1, -1, -1, 1, 1->1.0
0, 1, -1, 0, 1, -1, 0, 1, 0->1.0
0, 1, -1, 0, 1, 0, -1, 1, 0->1.0
0, 1, -1, 0, 1, 0, 0, 1, -1->1.0
0, 1, -1, 0, -1, -1, 1, 1, 1->1.0
0, 1, 0, 1, 1, -1, -1, 1, -1->1.0
0, 1, 0, -1, 1, 1, -1, 1, -1->1.0
0, 1, 0, -1, 1, -1, 1, 1, -1->1.0
0, 1, 0, -1, 1, -1, -1, 1, 1->1.0
0, 1, 0, -1, 1, -1, 0, 1, 0->1.0
0, 1, 0, -1, 1, 0, -1, 1, 0->1.0
0, 1, 0, -1, 1, 0, 0, 1, -1->1.0
0, 1, 0, 0, 1, -1, -1, 1, 0->1.0
0, 1, 0, 0, 1, -1, 0, 1, -1->1.0
0, 1, 0, 0, 1, 0, -1, 1, -1->1.0
0, -1, 1, 1, 1, 1, -1, -1, 0->-1.0
0, -1, 1, 1, 1, 1, -1, 0, -1->-1.0
0, -1, 1, 1, 1, 1, 0, -1, -1->0.9999999999999468
0, -1, 1, 1, 1, -1, 1, -1, 0->1.0
0, -1, 1, 1, 1, -1, 1, 0, -1->1.0
0, -1, 1, 1, 1, 0, 1, -1, -1->1.0
0, -1, 1, 1, -1, 1, -1, 0, 1->0.9999999967220116
0, -1, 1, 1, 0, 1, -1, -1, 1->1.0
0, -1, 1, -1, 1, 1, 1, -1, 0->1.0
0, -1, 1, -1, 1, 1, 1, 0, -1->1.0
0, -1, 1, -1, 1, 1, -1, 0, 1->1.0
0, -1, 1, -1, 1, 1, 0, -1, 1->1.0
0, -1, 1, -1, 1, -1, 1, 1, 0->1.0
0, -1, 1, -1, 1, -1, 1, 0, 1->1.0
0, -1, 1, -1, 1, 0, 1, 1, -1->1.0
0, -1, 1, -1, 1, 0, 1, -1, 1->1.0
0, -1, 1, -1, 1, 0, 1, 0, 0->1.0
0, -1, 1, -1, -1, 1, 1, 0, 1->1.0
0, -1, 1, -1, -1, 1, 0, 1, 1->1.0
0, -1, 1, -1, -1, 0, 1, 1, 1->1.0
0, -1, 1, -1, 0, 1, 1, -1, 1->1.0
0, -1, 1, -1, 0, 1, -1, 1, 1->1.0
0, -1, 1, -1, 0, 1, 0, 0, 1->1.0
0, -1, 1, -1, 0, -1, 1, 1, 1->1.0
0, -1, 1, 0, 1, 1, 1, -1, -1->1.0
0, -1, 1, 0, 1, 1, -1, -1, 1->1.0
0, -1, 1, 0, 1, -1, 1, 1, -1->1.0
0, -1, 1, 0, 1, -1, 1, -1, 1->1.0
0, -1, 1, 0, 1, -1, 1, 0, 0->1.0
0, -1, 1, 0, 1, 0, 1, -1, 0->1.0
0, -1, 1, 0, 1, 0, 1, 0, -1->1.0
0, -1, 1, 0, -1, 1, -1, 1, 1->1.0
0, -1, 1, 0, -1, 1, 0, 0, 1->1.0
0, -1, 1, 0, -1, -1, 1, 1, 1->1.0
0, -1, 1, 0, 0, 1, -1, 0, 1->1.0
0, -1, 1, 0, 0, 1, 0, -1, 1->1.0
0, -1, -1, 1, 1, 1, 1, -1, 0->1.0
0, -1, -1, 1, 1, 1, 1, 0, -1->1.0
0, -1, -1, 1, 1, 1, -1, 1, 0->1.0
0, -1, -1, 1, 1, 1, -1, 0, 1->1.0
0, -1, -1, 1, 1, 1, 0, 1, -1->1.0
0, -1, -1, 1, 1, 1, 0, -1, 1->1.0
0, -1, -1, 1, 1, 1, 0, 0, 0->1.0
0, -1, -1, 1, -1, 0, 1, 1, 1->1.0
0, -1, -1, 1, 0, -1, 1, 1, 1->1.0
0, -1, -1, -1, 1, 0, 1, 1, 1->1.0
0, -1, -1, -1, 0, 1, 1, 1, 1->1.0
0, -1, -1, 0, 1, -1, 1, 1, 1->1.0
0, -1, -1, 0, -1, 1, 1, 1, 1->1.0
0, -1, -1, 0, 0, 0, 1, 1, 1->1.0
0, -1, 0, 1, 1, 1, 1, -1, -1->1.0
0, -1, 0, 1, 1, 1, -1, 1, -1->1.0
0, -1, 0, 1, 1, 1, -1, -1, 1->1.0
0, -1, 0, 1, 1, 1, -1, 0, 0->1.0
0, -1, 0, 1, 1, 1, 0, -1, 0->1.0
0, -1, 0, 1, 1, 1, 0, 0, -1->1.0
0, -1, 0, 1, -1, -1, 1, 1, 1->1.0
0, -1, 0, -1, 1, -1, 1, 1, 1->1.0
0, -1, 0, -1, -1, 1, 1, 1, 1->1.0
0, -1, 0, -1, 0, 0, 1, 1, 1->1.0
0, -1, 0, 0, -1, 0, 1, 1, 1->1.0
0, -1, 0, 0, 0, -1, 1, 1, 1->1.0
0, 0, 1, 1, 1, -1, 1, -1, -1->1.0
0, 0, 1, 1, -1, 1, -1, -1, 1->1.0
0, 0, 1, -1, 1, 1, 1, -1, -1->1.0
0, 0, 1, -1, 1, 1, -1, -1, 1->1.0
0, 0, 1, -1, 1, -1, 1, 1, -1->1.0
0, 0, 1, -1, 1, -1, 1, -1, 1->1.0
0, 0, 1, -1, 1, -1, 1, 0, 0->1.0
0, 0, 1, -1, 1, 0, 1, -1, 0->1.0
0, 0, 1, -1, 1, 0, 1, 0, -1->1.0
0, 0, 1, -1, -1, 1, 1, -1, 1->1.0
0, 0, 1, -1, -1, 1, -1, 1, 1->1.0
0, 0, 1, -1, -1, 1, 0, 0, 1->1.0
0, 0, 1, -1, 0, 1, -1, 0, 1->1.0
0, 0, 1, -1, 0, 1, 0, -1, 1->1.0
0, 0, 1, 0, 1, -1, 1, -1, 0->1.0
0, 0, 1, 0, 1, -1, 1, 0, -1->1.0
0, 0, 1, 0, 1, 0, 1, -1, -1->1.0
0, 0, 1, 0, -1, 1, -1, 0, 1->1.0
0, 0, 1, 0, -1, 1, 0, -1, 1->1.0
0, 0, 1, 0, 0, 1, -1, -1, 1->1.0
0, 0, -1, 1, 1, 1, 1, -1, -1->1.0
0, 0, -1, 1, 1, 1, -1, 1, -1->1.0
0, 0, -1, 1, 1, 1, -1, -1, 1->1.0
0, 0, -1, 1, 1, 1, -1, 0, 0->1.0
0, 0, -1, 1, 1, 1, 0, -1, 0->1.0
0, 0, -1, 1, 1, 1, 0, 0, -1->1.0
0, 0, -1, 1, -1, -1, 1, 1, 1->1.0
0, 0, -1, -1, 1, -1, 1, 1, 1->1.0
0, 0, -1, -1, -1, 1, 1, 1, 1->1.0
0, 0, -1, -1, 0, 0, 1, 1, 1->1.0
0, 0, -1, 0, -1, 0, 1, 1, 1->1.0
0, 0, -1, 0, 0, -1, 1, 1, 1->1.0
0, 0, 0, 1, 1, 1, -1, -1, 0->1.0
0, 0, 0, 1, 1, 1, -1, 0, -1->1.0
0, 0, 0, 1, 1, 1, 0, -1, -1->1.0
0, 0, 0, -1, -1, 0, 1, 1, 1->1.0
0, 0, 0, -1, 0, -1, 1, 1, 1->1.0
0, 0, 0, 0, -1, -1, 1, 1, 1->1.0
1, 1, -1, 1, 1, -1, -1, 0, -1->-1.0
1, 1, -1, 1, 1, -1, 0, -1, -1->-1.0
1, 1, -1, 1, 1, 0, -1, -1, -1->-1.0
1, 1, -1, 1, -1, 1, -1, -1, 0->-1.0
1, 1, -1, 1, -1, 1, -1, 0, -1->-1.0
1, 1, -1, 1, -1, -1, -1, 1, 0->-1.0
1, 1, -1, 1, -1, -1, -1, 0, 1->-1.0
1, 1, -1, 1, -1, -1, 0, 1, -1->-1.0
1, 1, -1, 1, -1, 0, -1, 1, -1->-1.0
1, 1, -1, 1, -1, 0, -1, -1, 1->-1.0
1, 1, -1, 1, -1, 0, -1, 0, 0->-1.0
1, 1, -1, 1, 0, 1, -1, -1, -1->-1.0
1, 1, -1, 1, 0, -1, -1, 1, -1->1.0
1, 1, -1, 1, 0, -1, 0, 0, -1->-1.0
1, 1, -1, -1, 1, -1, 1, 0, -1->-1.0
1, 1, -1, -1, -1, 1, -1, 1, 0->0.9999999999592918
1, 1, -1, -1, -1, 1, -1, 0, 1->-1.0
1, 1, -1, -1, -1, -1, 1, 1, 0->-1.0
1, 1, -1, -1, -1, -1, 1, 0, 1->-1.0
1, 1, -1, -1, -1, -1, 0, 1, 1->-1.0
1, 1, -1, -1, -1, 0, -1, 1, 1->-1.0
1, 1, -1, -1, 0, -1, 1, 1, -1->-1.0
1, 1, -1, 0, 1, 1, -1, -1, -1->-1.0
1, 1, -1, 0, 1, -1, 1, -1, -1->-1.0
1, 1, -1, 0, 1, -1, 0, 0, -1->-1.0
1, 1, -1, 0, -1, 1, -1, 1, -1->-1.0
1, 1, -1, 0, -1, 1, -1, -1, 1->-1.0
1, 1, -1, 0, -1, 1, -1, 0, 0->-1.0
1, 1, -1, 0, -1, -1, 1, 1, -1->-1.0
1, 1, -1, 0, -1, -1, -1, 1, 1->-1.0
1, 1, -1, 0, -1, 0, -1, 1, 0->-1.0
1, 1, -1, 0, -1, 0, -1, 0, 1->-1.0
1, 1, -1, 0, 0, -1, 1, 0, -1->-1.0
1, 1, -1, 0, 0, -1, 0, 1, -1->-0.9986388099218965
1, 1, 0, 1, 1, -1, -1, -1, -1->-1.0
1, 1, 0, 1, -1, 1, -1, -1, -1->-1.0
1, 1, 0, 1, 0, 0, -1, -1, -1->-1.0
1, 1, 0, -1, 1, 1, -1, -1, -1->-1.0
1, 1, 0, -1, -1, -1, 1, 1, -1->-1.0
1, 1, 0, -1, -1, -1, 1, -1, 1->-1.0
1, 1, 0, -1, -1, -1, 1, 0, 0->-1.0
1, 1, 0, -1, -1, -1, -1, 1, 1->-1.0
1, 1, 0, -1, -1, -1, 0, 1, 0->-1.0
1, 1, 0, -1, -1, -1, 0, 0, 1->-1.0
1, 1, 0, 0, 1, 0, -1, -1, -1->-1.0
1, 1, 0, 0, 0, 1, -1, -1, -1->-1.0
1, -1, 1, 1, 1, 0, -1, -1, -1->-1.0
1, -1, 1, 1, -1, 1, -1, -1, 0->-1.0
1, -1, 1, 1, -1, 1, 0, -1, -1->-1.0
1, -1, 1, 1, -1, -1, 0, -1, 1->0.9999999860523051
1, -1, 1, 1, -1, 0, -1, -1, 1->-0.9999999999999999
1, -1, 1, 1, -1, 0, 0, -1, 0->-1.0
1, -1, 1, 1, 0, 1, -1, -1, -1->-1.0
1, -1, 1, -1, -1, 1, 1, -1, 0->-1.0
1, -1, 1, -1, -1, -1, 1, 1, 0->-0.9999999999997314
1, -1, 1, -1, -1, -1, 1, 0, 1->-1.0
1, -1, 1, -1, -1, -1, 0, 1, 1->1.0
1, -1, 1, -1, -1, 0, 1, -1, 1->-0.9990658432689178
1, -1, 1, 0, 1, 1, -1, -1, -1->-1.0
1, -1, 1, 0, -1, 1, 1, -1, -1->-1.0
1, -1, 1, 0, -1, 1, 0, -1, 0->-1.0
1, -1, 1, 0, -1, -1, 1, -1, 1->-1.0
1, -1, 1, 0, -1, 0, 1, -1, 0->-1.0
1, -1, 1, 0, -1, 0, 0, -1, 1->-1.0
1, -1, -1, 1, 1, -1, 0, 1, -1->0.9999999999999999
1, -1, -1, 1, -1, 1, -1, 1, 0->-1.0
1, -1, -1, 1, -1, 1, -1, 0, 1->-1.0
1, -1, -1, 1, -1, 1, 0, -1, 1->-1.0
1, -1, -1, 1, -1, 0, -1, 1, 1->-1.0
1, -1, -1, 0, 1, -1, 1, 1, -1->-1.0
1, -1, -1, 0, -1, 1, 1, -1, 1->-1.0
1, -1, -1, 0, -1, 1, -1, 1, 1->-1.0
1, -1, 0, 1, -1, 1, -1, -1, 1->-1.0
1, -1, 0, 1, -1, 1, 0, -1, 0->-1.0
1, -1, 0, 1, -1, 0, 0, -1, 1->-1.0
1, -1, 0, -1, -1, 1, 1, -1, 1->-1.0
1, -1, 0, 0, -1, 1, 1, -1, 0->-1.0
1, -1, 0, 0, -1, 1, 0, -1, 1->-1.0
1, -1, 0, 0, -1, 0, 1, -1, 1->-0.9999999999874251
1, 0, 1, 1, 1, -1, -1, -1, -1->-1.0
1, 0, 1, 1, -1, 1, -1, -1, -1->-1.0
1, 0, 1, 1, 0, 0, -1, -1, -1->-1.0
1, 0, 1, -1, 1, 1, -1, -1, -1->-1.0
1, 0, 1, -1, -1, -1, 1, 1, -1->-1.0
1, 0, 1, -1, -1, -1, 1, -1, 1->-1.0
1, 0, 1, -1, -1, -1, 1, 0, 0->-1.0
1, 0, 1, -1, -1, -1, -1, 1, 1->-1.0
1, 0, 1, -1, -1, -1, 0, 1, 0->-0.9999999999999999
1, 0, 1, -1, -1, -1, 0, 0, 1->0.9999999999822291
1, 0, 1, 0, 1, 0, -1, -1, -1->-1.0
1, 0, 1, 0, 0, 1, -1, -1, -1->-1.0
1, 0, -1, 1, 1, -1, -1, 1, -1->-1.0
1, 0, -1, 1, 1, -1, 0, 0, -1->1.0
1, 0, -1, 1, -1, 1, -1, 1, -1->-1.0
1, 0, -1, 1, -1, 1, -1, -1, 1->-1.0
1, 0, -1, 1, -1, 1, -1, 0, 0->-1.0
1, 0, -1, 1, -1, -1, -1, 1, 1->0.9999999999997196
1, 0, -1, 1, -1, 0, -1, 1, 0->-1.0
1, 0, -1, 1, -1, 0, -1, 0, 1->-1.0
1, 0, -1, 1, 0, -1, 0, 1, -1->-1.0
1, 0, -1, -1, 1, -1, 1, 1, -1->1.0
1, 0, -1, -1, -1, 1, -1, 1, 1->-1.0
1, 0, -1, 0, 1, -1, 1, 0, -1->-0.99999999966519
1, 0, -1, 0, 1, -1, 0, 1, -1->1.0
1, 0, -1, 0, -1, 1, -1, 1, 0->-1.0
1, 0, -1, 0, -1, 1, -1, 0, 1->-1.0
1, 0, -1, 0, -1, 0, -1, 1, 1->-1.0
1, 0, -1, 0, 0, -1, 1, 1, -1->-1.0
1, 0, 0, 1, 1, 0, -1, -1, -1->-1.0
1, 0, 0, 1, 0, 1, -1, -1, -1->-1.0
1, 0, 0, -1, -1, -1, 1, 1, 0->-1.0
1, 0, 0, -1, -1, -1, 1, 0, 1->-1.0
1, 0, 0, -1, -1, -1, 0, 1, 1->-1.0
1, 0, 0, 0, 1, 1, -1, -1, -1->-1.0
-1, 1, 1, 1, 1, 0, -1, -1, -1->-1.0
-1, 1, 1, 1, -1, 1, -1, 0, -1->-1.0
-1, 1, 1, 1, -1, 1, 0, -1, -1->-1.0
-1, 1, 1, 1, -1, -1, 1, 0, -1->-1.0
-1, 1, 1, 1, -1, -1, 0, 1, -1->-1.0
-1, 1, 1, 1, -1, 0, 1, -1, -1->-1.0
-1, 1, 1, 1, -1, 0, -1, 1, -1->-1.0
-1, 1, 1, 1, -1, 0, 0, 0, -1->-1.0
-1, 1, 1, 1, 0, 1, -1, -1, -1->-1.0
-1, 1, 1, -1, 1, 1, -1, -1, 0->-1.0
-1, 1, 1, -1, 1, 1, -1, 0, -1->-1.0
-1, 1, 1, -1, 1, -1, -1, 0, 1->1.0
-1, 1, 1, -1, 1, 0, -1, -1, 1->-1.0
-1, 1, 1, -1, 1, 0, -1, 0, 0->-1.0
-1, 1, 1, -1, -1, 1, 1, 0, -1->-1.0
-1, 1, 1, -1, -1, 1, -1, 1, 0->-1.0
-1, 1, 1, -1, -1, 1, 0, 1, -1->-1.0
-1, 1, 1, -1, -1, -1, 1, 1, 0->-1.0
-1, 1, 1, -1, -1, -1, 1, 0, 1->-1.0
-1, 1, 1, -1, -1, -1, 0, 1, 1->-1.0
-1, 1, 1, -1, -1, 0, 1, 1, -1->-1.0
-1, 1, 1, -1, -1, 0, -1, 1, 1->-1.0
-1, 1, 1, -1, 0, 1, -1, 1, -1->-1.0
-1, 1, 1, -1, 0, 1, -1, 0, 0->-1.0
-1, 1, 1, -1, 0, -1, -1, 1, 1->-1.0
-1, 1, 1, -1, 0, 0, -1, 1, 0->-1.0
-1, 1, 1, -1, 0, 0, -1, 0, 1->-1.0
-1, 1, 1, 0, 1, 1, -1, -1, -1->-1.0
-1, 1, 1, 0, -1, 1, 1, -1, -1->-1.0
-1, 1, 1, 0, -1, 1, -1, 1, -1->-1.0
-1, 1, 1, 0, -1, 1, 0, 0, -1->-1.0
-1, 1, 1, 0, -1, -1, 1, 1, -1->-1.0
-1, 1, 1, 0, -1, 0, 1, 0, -1->-1.0
-1, 1, 1, 0, -1, 0, 0, 1, -1->-1.0
-1, 1, -1, 1, 1, -1, 1, 0, -1->1.0
-1, 1, -1, 1, -1, 1, 1, 0, -1->-1.0
-1, 1, -1, 1, -1, 1, -1, 1, 0->-1.0
-1, 1, -1, 1, -1, 1, -1, 0, 1->-1.0
-1, 1, -1, 1, -1, 1, 0, 1, -1->-1.0
-1, 1, -1, 1, -1, 0, 1, 1, -1->-1.0
-1, 1, -1, 1, -1, 0, -1, 1, 1->-1.0
-1, 1, -1, 1, 0, -1, 1, 1, -1->-1.0
-1, 1, -1, -1, 1, 1, -1, 0, 1->-1.0
-1, 1, -1, -1, 0, 1, -1, 1, 1->-1.0
-1, 1, -1, 0, -1, 1, 1, 1, -1->-1.0
-1, 1, -1, 0, -1, 1, -1, 1, 1->-1.0
-1, 1, 0, 1, -1, 1, 1, -1, -1->-1.0
-1, 1, 0, 1, -1, 1, -1, 1, -1->-1.0
-1, 1, 0, 1, -1, 1, 0, 0, -1->-1.0
-1, 1, 0, 1, -1, -1, 1, 1, -1->-1.0
-1, 1, 0, 1, -1, 0, 1, 0, -1->-1.0
-1, 1, 0, 1, -1, 0, 0, 1, -1->-1.0
-1, 1, 0, -1, 1, 1, -1, -1, 1->-1.0
-1, 1, 0, -1, 1, 1, -1, 0, 0->-1.0
-1, 1, 0, -1, 1, 0, -1, 0, 1->-1.0
-1, 1, 0, -1, -1, 1, 1, 1, -1->-1.0
-1, 1, 0, -1, -1, 1, -1, 1, 1->-1.0
-1, 1, 0, -1, 0, 1, -1, 1, 0->-1.0
-1, 1, 0, -1, 0, 1, -1, 0, 1->-1.0
-1, 1, 0, -1, 0, 0, -1, 1, 1->-1.0
-1, 1, 0, 0, -1, 1, 1, 0, -1->-1.0
-1, 1, 0, 0, -1, 1, 0, 1, -1->-1.0
-1, 1, 0, 0, -1, 0, 1, 1, -1->-1.0
-1, -1, 1, 1, -1, 1, 1, -1, 0->-1.0
-1, -1, 1, 1, -1, 1, 1, 0, -1->-1.0
-1, -1, 1, 1, -1, 1, 0, 1, -1->-1.0
-1, -1, 1, 1, -1, 0, 1, 1, -1->-1.0
-1, -1, 1, 1, -1, 0, 1, -1, 1->-1.0
-1, -1, 1, -1, 1, 1, -1, 1, 0->-1.0
-1, -1, 1, -1, 1, 0, -1, 1, 1->1.0
-1, -1, 1, 0, -1, 1, 1, 1, -1->-1.0
-1, -1, -1, 1, 1, -1, 1, 1, 0->-1.0
-1, -1, -1, 1, 1, -1, 1, 0, 1->-1.0
-1, -1, -1, 1, 1, -1, 0, 1, 1->-1.0
-1, -1, -1, 1, 1, 0, 1, 1, -1->-1.0
-1, -1, -1, 1, 1, 0, 1, -1, 1->-1.0
-1, -1, -1, 1, 1, 0, 1, 0, 0->-1.0
-1, -1, -1, 1, 1, 0, -1, 1, 1->-1.0
-1, -1, -1, 1, 1, 0, 0, 1, 0->-1.0
-1, -1, -1, 1, 1, 0, 0, 0, 1->-1.0
-1, -1, -1, 1, -1, 1, 1, 1, 0->-1.0
-1, -1, -1, 1, -1, 1, 1, 0, 1->-1.0
-1, -1, -1, 1, -1, 1, 0, 1, 1->-1.0
-1, -1, -1, 1, 0, 1, 1, 1, -1->-1.0
-1, -1, -1, 1, 0, 1, 1, -1, 1->-1.0
-1, -1, -1, 1, 0, 1, 1, 0, 0->-1.0
-1, -1, -1, 1, 0, 1, -1, 1, 1->-1.0
-1, -1, -1, 1, 0, 1, 0, 1, 0->-1.0
-1, -1, -1, 1, 0, 1, 0, 0, 1->-1.0
-1, -1, -1, 1, 0, 0, 1, 1, 0->-1.0
-1, -1, -1, 1, 0, 0, 1, 0, 1->-1.0
-1, -1, -1, 1, 0, 0, 0, 1, 1->-1.0
-1, -1, -1, -1, 1, 1, 1, 1, 0->-1.0
-1, -1, -1, -1, 1, 1, 1, 0, 1->-1.0
-1, -1, -1, -1, 1, 1, 0, 1, 1->-1.0
-1, -1, -1, 0, 1, 1, 1, 1, -1->-1.0
-1, -1, -1, 0, 1, 1, 1, -1, 1->-1.0
-1, -1, -1, 0, 1, 1, 1, 0, 0->-1.0
-1, -1, -1, 0, 1, 1, -1, 1, 1->-1.0
-1, -1, -1, 0, 1, 1, 0, 1, 0->-1.0
-1, -1, -1, 0, 1, 1, 0, 0, 1->-1.0
-1, -1, -1, 0, 1, 0, 1, 1, 0->-1.0
-1, -1, -1, 0, 1, 0, 1, 0, 1->-1.0
-1, -1, -1, 0, 1, 0, 0, 1, 1->-1.0
-1, -1, -1, 0, 0, 1, 1, 1, 0->-1.0
-1, -1, -1, 0, 0, 1, 1, 0, 1->-1.0
-1, -1, -1, 0, 0, 1, 0, 1, 1->-1.0
-1, -1, 0, 1, -1, 1, 1, 1, -1->-1.0
-1, -1, 0, 1, -1, 1, 1, -1, 1->-1.0
-1, -1, 0, -1, 1, 1, -1, 1, 1->-1.0
-1, 0, 1, 1, -1, 1, 1, -1, -1->-1.0
-1, 0, 1, 1, -1, 1, -1, 1, -1->-1.0
-1, 0, 1, 1, -1, 1, 0, 0, -1->-1.0
-1, 0, 1, 1, -1, -1, 1, 1, -1->-1.0
-1, 0, 1, 1, -1, 0, 1, 0, -1->-1.0
-1, 0, 1, 1, -1, 0, 0, 1, -1->-1.0
-1, 0, 1, -1, 1, 1, -1, 1, -1->-1.0
-1, 0, 1, -1, 1, 1, -1, 0, 0->-1.0
-1, 0, 1, -1, 1, -1, -1, 1, 1->-1.0
-1, 0, 1, -1, 1, 0, -1, 1, 0->-0.9999999491966575
-1, 0, 1, -1, 1, 0, -1, 0, 1->-1.0
-1, 0, 1, -1, -1, 1, 1, 1, -1->-1.0
-1, 0, 1, -1, 0, 1, -1, 1, 0->-1.0
-1, 0, 1, -1, 0, 0, -1, 1, 1->-1.0
-1, 0, 1, 0, -1, 1, 1, 0, -1->-1.0
-1, 0, 1, 0, -1, 1, 0, 1, -1->-1.0
-1, 0, 1, 0, -1, 0, 1, 1, -1->-1.0
-1, 0, -1, 1, 1, -1, 1, 1, -1->-1.0
-1, 0, -1, 1, -1, 1, 1, 1, -1->-1.0
-1, 0, -1, 1, -1, 1, -1, 1, 1->-1.0
-1, 0, -1, -1, 1, 1, -1, 1, 1->-1.0
-1, 0, 0, 1, -1, 1, 1, 0, -1->-1.0
-1, 0, 0, 1, -1, 1, 0, 1, -1->-1.0
-1, 0, 0, 1, -1, 0, 1, 1, -1->-1.0
-1, 0, 0, -1, 1, 1, -1, 1, 0->-1.0
-1, 0, 0, -1, 1, 1, -1, 0, 1->-1.0
-1, 0, 0, -1, 1, 0, -1, 1, 1->-1.0
-1, 0, 0, -1, 0, 1, -1, 1, 1->1.0
-1, 0, 0, 0, -1, 1, 1, 1, -1->-1.0
0, 1, 1, 1, 1, -1, -1, -1, -1->-1.0
0, 1, 1, 1, -1, 1, -1, -1, -1->-1.0
0, 1, 1, 1, 0, 0, -1, -1, -1->-1.0
0, 1, 1, -1, 1, 1, -1, -1, -1->-1.0
0, 1, 1, -1, -1, -1, 1, 1, -1->-1.0
0, 1, 1, -1, -1, -1, 1, -1, 1->-1.0
0, 1, 1, -1, -1, -1, 1, 0, 0->-1.0
0, 1, 1, -1, -1, -1, -1, 1, 1->-1.0
0, 1, 1, -1, -1, -1, 0, 1, 0->0.99999999999979
0, 1, 1, -1, -1, -1, 0, 0, 1->-1.0
0, 1, 1, 0, 1, 0, -1, -1, -1->-1.0
0, 1, 1, 0, 0, 1, -1, -1, -1->-1.0
0, 1, -1, 1, 1, -1, 1, -1, -1->1.0
0, 1, -1, 1, 1, -1, 0, 0, -1->-1.0
0, 1, -1, 1, -1, 1, -1, 1, -1->-1.0
0, 1, -1, 1, -1, 1, -1, -1, 1->-1.0
0, 1, -1, 1, -1, 1, -1, 0, 0->-1.0
0, 1, -1, 1, -1, -1, 1, 1, -1->-1.0
0, 1, -1, 1, -1, -1, -1, 1, 1->-1.0
0, 1, -1, 1, -1, 0, -1, 1, 0->-1.0
0, 1, -1, 1, -1, 0, -1, 0, 1->-1.0
0, 1, -1, 1, 0, -1, 1, 0, -1->1.0
0, 1, -1, 1, 0, -1, 0, 1, -1->-1.0
0, 1, -1, -1, -1, 1, -1, 1, 1->-1.0
0, 1, -1, 0, 1, -1, 1, 0, -1->-1.0
0, 1, -1, 0, -1, 1, -1, 1, 0->-1.0
0, 1, -1, 0, -1, 1, -1, 0, 1->-1.0
0, 1, -1, 0, -1, 0, -1, 1, 1->-1.0
0, 1, -1, 0, 0, -1, 1, 1, -1->-1.0
0, 1, 0, 1, 1, 0, -1, -1, -1->-1.0
0, 1, 0, 1, 0, 1, -1, -1, -1->-1.0
0, 1, 0, -1, -1, -1, 1, 1, 0->-1.0
0, 1, 0, -1, -1, -1, 1, 0, 1->-1.0
0, 1, 0, -1, -1, -1, 0, 1, 1->-1.0
0, 1, 0, 0, 1, 1, -1, -1, -1->-1.0
0, -1, 1, 1, -1, 1, 1, -1, -1->-1.0
0, -1, 1, 1, -1, 1, 0, -1, 0->-1.0
0, -1, 1, 1, -1, -1, 1, -1, 1->-1.0
0, -1, 1, 1, -1, 0, 1, -1, 0->-1.0
0, -1, 1, 1, -1, 0, 0, -1, 1->-0.9999999999999307
0, -1, 1, 0, -1, 1, 1, -1, 0->-1.0
0, -1, 1, 0, -1, 0, 1, -1, 1->1.0
0, -1, -1, 1, 1, -1, 1, 1, -1->0.9999997946255821
0, -1, -1, 1, -1, 1, 1, -1, 1->-1.0
0, -1, -1, 1, -1, 1, -1, 1, 1->-1.0
0, -1, 0, 1, -1, 1, 1, -1, 0->-1.0
0, -1, 0, 1, -1, 1, 0, -1, 1->0.999999999999571
0, -1, 0, 1, -1, 0, 1, -1, 1->-1.0
0, -1, 0, 0, -1, 1, 1, -1, 1->-1.0
0, 0, 1, 1, 1, 0, -1, -1, -1->-1.0
0, 0, 1, 1, 0, 1, -1, -1, -1->-1.0
0, 0, 1, -1, -1, -1, 1, 1, 0->-0.9999965340325455
0, 0, 1, -1, -1, -1, 1, 0, 1->-1.0
0, 0, 1, -1, -1, -1, 0, 1, 1->-1.0
0, 0, 1, 0, 1, 1, -1, -1, -1->-1.0
0, 0, -1, 1, 1, -1, 1, 0, -1->1.0
0, 0, -1, 1, 1, -1, 0, 1, -1->-1.0
0, 0, -1, 1, -1, 1, -1, 1, 0->-1.0
0, 0, -1, 1, -1, 1, -1, 0, 1->-1.0
0, 0, -1, 1, -1, 0, -1, 1, 1->-1.0
0, 0, -1, 1, 0, -1, 1, 1, -1->-1.0
0, 0, -1, 0, 1, -1, 1, 1, -1->1.0
0, 0, -1, 0, -1, 1, -1, 1, 1->-1.0
1, 1, -1, -1, 1, 1, 1, -1, -1->1.0
1, 1, -1, -1, -1, 1, 1, 1, -1->-1.0
1, 1, -1, -1, -1, 1, 1, -1, 1->-1.0
1, -1, 1, 1, 1, -1, -1, 1, -1->1.0
1, -1, 1, 1, -1, 1, -1, 1, -1->-1.0
1, -1, 1, 1, -1, -1, -1, 1, 1->1.0
1, -1, 1, -1, 1, 1, -1, 1, -1->1.0
1, -1, 1, -1, -1, 1, 1, 1, -1->-1.0
1, -1, -1, -1, 1, 1, 1, 1, -1->1.0
-1, 1, 1, 1, 1, -1, -1, -1, 1->1.0
-1, 1, 1, 1, -1, -1, 1, -1, 1->1.0
-1, 1, 1, 1, -1, -1, -1, 1, 1->-1.0
-1, 1, -1, 1, 1, -1, 1, -1, 1->1.0
-1, 1, -1, 1, -1, 1, 1, -1, 1->-1.0
-1, 1, -1, -1, 1, 1, 1, -1, 1->-1.0
-1, -1, 1, 1, 1, -1, -1, 1, 1->1.0
